hours
12.0475976393029
11.0544171866913
12.0711323703381
11.0541145690804
13.3321067106134
12.1946054141078
11.7266303015253
12.7398301361173
11.2694337147492
11.0763042081579
11.1598251209156
11.5605553194323
9.39705563933904
11.4622591150173
14.0843297089595
12.5871093577829
12.5784645759198
10.8916413695075
12.2504504058153
12.0599322968554
9.22968004831625
11.7546343112736
10.6245512742883
12.9239192696221
13.107409392467
11.9774101800312
9.54963830853091
11.4716957846065
9.83600568527007
10.8944994506491
12.2393703211816
12.459655612112
12.8994079000534
10.1419207833863
13.2029367368097
10.1181291484884
13.3624803603453
10.9369756081307
10.8532411371206
11.8038463669768
11.1631557482507
11.0350327915101
10.6822649582573
10.5671470056435
12.202002647026
12.3917223875196
10.6839421696544
10.565657805628
11.1163805515651
13.1591702917805
13.213734692525
10.1470614098127
14.1052509699214
11.4218976110347
11.7809461627622
11.8801392731171
10.9098037263511
11.871957047846
8.77573582178986
12.3999745063167
11.104453433565
11.696368481666
11.4101570600088
9.70605798598819
12.9196353152729
11.2947912333574
10.8505645638883
11.5900801328219
10.9496467624047
11.3152338944596
15.6784118521975
14.4697469017971
14.0239616165094
15.3368286974318
14.1548172982581
15.4303230773986
14.6846684817398
15.1065421314755
14.3137145783016
15.3440855828559
15.5867771119652
15.0053880338624
15.7348102827991
14.9809659789678
14.9031930345326
15.0419259230226
14.3859399366199
14.3415474197016
15.6070131816642
13.9967481210962
13.7712350230284
14.597321344118
15.5432052946773
14.3640660996028
15.889789978856
14.4260588685422
14.6879423073026
15.5463677504921
14.6825029622294
15.2763849197926
15.6072335619089
15.1198637447696
15.3342864598724
14.2134067732044
15.9069616797521
15.7647808319399
15.1545550514575
15.3213351721246
14.0340192416232
14.9010450797196
15.8861745859625
15.3950176098566
15.1764508342528
14.6931487743664
15.2169688036096
14.1919579170053
14.6671721177104
14.9373396836608
15.3277410009076
15.0081880452439
6.97360337544205
5.08484925231114
4.87555089330743
6.28076156017318
5.48096444725949
7.45567376247088
7.22139763248944
7.67550460568388
8.58223657495998
8.70906445251563
5.74944122208966
5.17533449504779
7.76538933245447
7.42724150434015
6.28638309955039
4.75176469087382
9.25336018973598
8.83779528668316
10.3142080060867
4.73483986211078
5.65857997026382
7.08581541796774
6.80915871810397
8.3391529338963
5.96306878790994
8.16763344291112
5.03170582316883
6.29630290784716
5.47661018095108
7.23167513565038
6.91213036051041
7.2979336900097
6.68197073833933
8.00233524803601
4.80850928190343
4.65075601595482
5.71217480940162
6.49302227841954
5.6109459758125
8.42794303239192
6.59113349726552
7.13645346674003
4.39434565692477
3.83624634645172
7.88433230600222
4.58613474838674
5.17606018527949
3.28843023003269
5.37545546394539
6.18890853782432
9.89965141322534
6.69486284454201
6.14064108843457
6.09158391562545
3.95662961959899
8.67743280413884
6.1960868214229
10.3460822112708
5.00142266993254
6.42304591660277
5.51742195329036
6.29668094008062
7.53554304889755
6.03369714833357
4.67350580401531
7.18496956737997
6.74830579309633
7.20756446777644
7.81212362651667
4.62332161060622
7.15675731739421
7.42595972340011
2.12801828030494
7.44216569611388
7.61924034258519
4.96956907361955
6.26072545710006
5.96683916293769
5.40633285431625
5.78613798252896

